M= 6
N= 6
A:
0.2  0.8  0.0  0.0  0.0  0.0
0.0  0.5  0.5  0.0  0.0  0.0
0.3  0.0  0.3  0.2  0.2  0.0
0.0  0.6  0.0  0.1  0.3  0.0
0.0  0.0  0.0  0.0  1.0  0.0
0.0  0.5  0.1  0.0  0.0  0.4
PWM: n=19
0.0959651035986914      0.318429661941112       0.083969465648855       0.501635768811341
0.183206106870229       0.159214830970556       0.452562704471101       0.205016357688113
0.30752453653217        0.054525627044711       0.490730643402399       0.14721919302072
0.0621592148309706      0.87350054525627        0.0239912758996728      0.0403489640130862
0.00981461286804798     0.985823336968375       0.00109051254089422     0.00327153762268266
0.812431842966194       0.0152671755725191      0.0719738276990185      0.100327153762268
0.044711014176663       0.576881134133043       0.365321701199564       0.0130861504907306
0.117903930131004       0.473799126637555       0.0534934497816594      0.354803493449782
0.930131004366812       0.0131004366812227      0.0360262008733624      0.0207423580786026
0.00655737704918033     0.00109289617486339     0.987978142076503       0.00437158469945355
0.365027322404372       0.00437158469945355     0.619672131147541       0.0109289617486339
0.0601092896174863      0.014207650273224       0.551912568306011       0.373770491803279
0.0142231947483589      0.00109409190371991     0.974835886214442       0.00984682713347921
0.062363238512035       0.00984682713347921     0.849015317286652       0.0787746170678337
0.11500547645126        0.8039430449069 0.00657174151150055     0.0744797371303395
0.408543263964951       0.0153340635268346      0.556407447973713       0.0197152245345016
0.0910087719298246      0.529605263157895       0.337719298245614       0.0416666666666667
0.129385964912281       0.354166666666667       0.081140350877193       0.43530701754386
0.441885964912281       0.199561403508772       0.292763157894737       0.0657894736842105
pi:
0.000000 0.000000 0.000000 0.000000 0.000000 1.000000 
mu:
-5 -50 -50 -50 -50 -50
sigma:
10 10 10 10 10 10
mu:
0.0 1.75315 -1.73792 0.01 0.02 0.03
sigma:
0.2 0.72569 0.72100 0.68876 0.7 0.8
rho:
0.5  0.5  0.5  0.5  0.5  0.5

